# [0]           [1]            [2]            [3]            [4]            
# t             max-min        Ey             max(By^2)      pm             
0.000000e+00  4.992282e-03 1.566643e-06  0.000000e+00  0.000000e+00
1.992524e-01  3.856329e-03 7.542497e-07  0.000000e+00  0.000000e+00
3.986632e-01  3.337728e-03 7.418822e-07  0.000000e+00  0.000000e+00
5.981239e-01  3.210237e-03 7.704185e-07  0.000000e+00  0.000000e+00
7.976271e-01  3.262511e-03 8.103282e-07  0.000000e+00  0.000000e+00
9.996754e-01  3.601957e-03 3.176788e-07  0.000000e+00  0.000000e+00
1.199197e+00  4.564962e-03 1.142393e-06  0.000000e+00  0.000000e+00
1.398735e+00  5.691589e-03 1.403283e-06  0.000000e+00  0.000000e+00
1.598221e+00  7.432500e-03 1.936195e-06  0.000000e+00  0.000000e+00
1.797562e+00  9.452582e-03 2.799843e-06  0.000000e+00  0.000000e+00
1.999318e+00  1.295326e-02 4.975389e-06  0.000000e+00  0.000000e+00
2.198444e+00  1.477731e-02 6.392585e-06  0.000000e+00  0.000000e+00
2.399971e+00  2.057592e-02 1.087348e-05  0.000000e+00  0.000000e+00
2.598825e+00  2.630428e-02 1.864700e-05  0.000000e+00  0.000000e+00
2.799732e+00  3.429884e-02 3.045174e-05  0.000000e+00  0.000000e+00
2.997614e+00  4.482817e-02 4.966517e-05  0.000000e+00  0.000000e+00
3.199718e+00  5.638960e-02 8.321306e-05  0.000000e+00  0.000000e+00
3.398402e+00  7.359931e-02 1.380759e-04  0.000000e+00  0.000000e+00
3.598252e+00  9.529391e-02 2.295999e-04  0.000000e+00  0.000000e+00
3.798843e+00  1.218453e-01 3.730016e-04  0.000000e+00  0.000000e+00
3.999628e+00  1.533525e-01 5.891398e-04  0.000000e+00  0.000000e+00
4.198473e+00  1.906472e-01 8.968892e-04  0.000000e+00  0.000000e+00
4.399648e+00  2.324764e-01 1.323867e-03  0.000000e+00  0.000000e+00
4.598524e+00  2.736501e-01 1.851898e-03  0.000000e+00  0.000000e+00
4.799820e+00  3.146235e-01 2.478460e-03  0.000000e+00  0.000000e+00
4.999404e+00  3.481264e-01 3.125666e-03  0.000000e+00  0.000000e+00
5.197841e+00  3.713098e-01 3.736200e-03  0.000000e+00  0.000000e+00
5.397984e+00  3.835795e-01 4.246148e-03  0.000000e+00  0.000000e+00
5.598130e+00  3.828925e-01 4.576634e-03  0.000000e+00  0.000000e+00
5.798593e+00  3.720138e-01 4.723404e-03  0.000000e+00  0.000000e+00
5.997900e+00  3.536646e-01 4.712074e-03  0.000000e+00  0.000000e+00
6.198553e+00  3.497820e-01 4.581990e-03  0.000000e+00  0.000000e+00
6.398200e+00  3.480387e-01 4.388284e-03  0.000000e+00  0.000000e+00
6.598094e+00  3.411946e-01 4.156258e-03  0.000000e+00  0.000000e+00
6.797879e+00  3.308175e-01 3.921591e-03  0.000000e+00  0.000000e+00
6.999912e+00  3.189286e-01 3.715056e-03  0.000000e+00  0.000000e+00
7.199716e+00  3.120345e-01 3.564155e-03  0.000000e+00  0.000000e+00
7.399476e+00  3.117868e-01 3.440912e-03  0.000000e+00  0.000000e+00
7.599507e+00  3.126863e-01 3.345476e-03  0.000000e+00  0.000000e+00
7.799828e+00  3.112178e-01 3.268002e-03  0.000000e+00  0.000000e+00
7.997932e+00  3.061510e-01 3.198700e-03  0.000000e+00  0.000000e+00
8.198469e+00  3.024162e-01 3.148010e-03  0.000000e+00  0.000000e+00
8.399308e+00  2.990053e-01 3.131508e-03  0.000000e+00  0.000000e+00
8.599891e+00  2.999419e-01 3.185552e-03  0.000000e+00  0.000000e+00
8.798022e+00  3.023772e-01 3.333869e-03  0.000000e+00  0.000000e+00
8.998456e+00  3.074744e-01 3.583247e-03  0.000000e+00  0.000000e+00
9.199473e+00  3.151250e-01 3.891569e-03  0.000000e+00  0.000000e+00
9.398456e+00  3.264643e-01 4.190342e-03  0.000000e+00  0.000000e+00
9.598801e+00  3.394289e-01 4.458750e-03  0.000000e+00  0.000000e+00
9.798366e+00  3.488540e-01 4.635393e-03  0.000000e+00  0.000000e+00
9.997759e+00  3.505413e-01 4.665156e-03  0.000000e+00  0.000000e+00
1.019987e+01  3.470459e-01 4.521429e-03  0.000000e+00  0.000000e+00
1.039964e+01  3.349045e-01 4.205169e-03  0.000000e+00  0.000000e+00
1.059788e+01  3.181132e-01 3.793134e-03  0.000000e+00  0.000000e+00
1.079944e+01  3.004770e-01 3.372039e-03  0.000000e+00  0.000000e+00
1.099908e+01  2.874564e-01 3.023755e-03  0.000000e+00  0.000000e+00
1.119874e+01  2.788146e-01 2.776949e-03  0.000000e+00  0.000000e+00
1.139823e+01  2.759466e-01 2.666159e-03  0.000000e+00  0.000000e+00
1.159773e+01  2.790240e-01 2.695854e-03  0.000000e+00  0.000000e+00
1.179957e+01  2.860126e-01 2.847709e-03  0.000000e+00  0.000000e+00
1.199889e+01  2.949837e-01 3.088114e-03  0.000000e+00  0.000000e+00
1.219991e+01  3.051864e-01 3.376446e-03  0.000000e+00  0.000000e+00
1.239811e+01  3.173070e-01 3.678574e-03  0.000000e+00  0.000000e+00
1.259803e+01  3.281302e-01 3.959040e-03  0.000000e+00  0.000000e+00
1.279774e+01  3.357399e-01 4.185436e-03  0.000000e+00  0.000000e+00
1.299982e+01  3.388635e-01 4.330342e-03  0.000000e+00  0.000000e+00
1.319785e+01  3.381359e-01 4.363896e-03  0.000000e+00  0.000000e+00
1.339886e+01  3.364963e-01 4.326570e-03  0.000000e+00  0.000000e+00
1.359953e+01  3.338573e-01 4.228676e-03  0.000000e+00  0.000000e+00
1.379998e+01  3.281556e-01 4.074903e-03  0.000000e+00  0.000000e+00
1.399834e+01  3.232215e-01 3.885336e-03  0.000000e+00  0.000000e+00
1.419916e+01  3.152278e-01 3.675434e-03  0.000000e+00  0.000000e+00
1.439804e+01  3.088484e-01 3.479670e-03  0.000000e+00  0.000000e+00
1.459940e+01  3.025283e-01 3.303500e-03  0.000000e+00  0.000000e+00
1.479829e+01  2.986924e-01 3.167653e-03  0.000000e+00  0.000000e+00
1.499965e+01  2.961296e-01 3.086151e-03  0.000000e+00  0.000000e+00
1.519867e+01  2.956689e-01 3.077760e-03  0.000000e+00  0.000000e+00
1.539986e+01  2.983794e-01 3.164004e-03  0.000000e+00  0.000000e+00
1.559862e+01  3.030599e-01 3.318058e-03  0.000000e+00  0.000000e+00
1.579970e+01  3.084752e-01 3.507832e-03  0.000000e+00  0.000000e+00
1.599848e+01  3.147047e-01 3.702556e-03  0.000000e+00  0.000000e+00
1.619977e+01  3.223441e-01 3.896266e-03  0.000000e+00  0.000000e+00
1.639868e+01  3.281429e-01 4.056819e-03  0.000000e+00  0.000000e+00
1.659970e+01  3.321662e-01 4.160199e-03  0.000000e+00  0.000000e+00
1.679817e+01  3.341992e-01 4.191699e-03  0.000000e+00  0.000000e+00
1.699907e+01  3.324372e-01 4.140279e-03  0.000000e+00  0.000000e+00
1.719989e+01  3.286825e-01 4.033870e-03  0.000000e+00  0.000000e+00
1.739823e+01  3.232567e-01 3.889737e-03  0.000000e+00  0.000000e+00
1.759882e+01  3.167137e-01 3.715560e-03  0.000000e+00  0.000000e+00
1.779966e+01  3.101806e-01 3.539278e-03  0.000000e+00  0.000000e+00
1.799829e+01  3.037032e-01 3.380563e-03  0.000000e+00  0.000000e+00
1.819977e+01  3.003790e-01 3.264815e-03  0.000000e+00  0.000000e+00
1.839913e+01  2.973664e-01 3.193101e-03  0.000000e+00  0.000000e+00
1.859859e+01  2.966761e-01 3.165993e-03  0.000000e+00  0.000000e+00
1.879784e+01  2.970992e-01 3.192942e-03  0.000000e+00  0.000000e+00
1.899910e+01  3.008580e-01 3.282266e-03  0.000000e+00  0.000000e+00
1.919785e+01  3.071184e-01 3.427978e-03  0.000000e+00  0.000000e+00
1.939877e+01  3.133143e-01 3.605930e-03  0.000000e+00  0.000000e+00
1.959949e+01  3.196681e-01 3.789256e-03  0.000000e+00  0.000000e+00
1.979794e+01  3.250751e-01 3.943541e-03  0.000000e+00  0.000000e+00
1.999884e+01  3.274587e-01 4.054278e-03  0.000000e+00  0.000000e+00
2.000000e+01  3.274682e-01 4.054769e-03  0.000000e+00  0.000000e+00
